0201 0 0       1  220.00     0.0     0.0     0.0     0.0  222.81
0202           1  222.81 -0.0391     0.0     0.0
0201 0 0       2  220.00     0.0     0.0     0.0     0.0  221.98
0202           2  221.98 -0.0390     0.0     0.0
0201 0 0       3  110.00     0.0     0.0     0.0     0.0  116.35
0202           3  116.35 -0.0774     0.0     0.0
0201 0 0       4  110.00     0.0     0.0     0.0     0.0  115.20
0202           4  115.20 -0.0807     0.0     0.0
0201 0 0       5  110.00     0.0     0.0     0.0     0.0  113.94
0202           5  113.94 -0.0819     0.0     0.0
0201 0 0       6  110.00     0.0     0.0     0.0     0.0  116.00  -999.0   999.0
0202           6  116.00 -0.0694     0.0     0.0
0201 0 0       7  110.00     0.0     0.0     0.0     0.0  113.94
0202           7  113.94 -0.0819     0.0     0.0
0201 0 0      10  220.00     0.0     0.0     0.0     0.0  211.61
0202          10  211.61 -0.0775     0.0     0.0
0201 0 0      11  110.00     0.0     0.0     0.0     0.0  116.35
0202          11  116.35 -0.0774     0.0     0.0
0201 0 0      12   10.00    30.0    12.0     0.0     0.0    9.76
0202          12    9.76 -0.1154    30.0    12.0
0201 0 0      20  220.00     0.0     0.0     0.0     0.0  211.91
0202          20  211.91 -0.0705     0.0     0.0
0201 0 0      21  110.00     0.0     0.0     0.0     0.0  116.55
0202          21  116.55 -0.0704     0.0     0.0
0201 0 0      22   10.00    60.0    24.0     0.0     0.0    9.33
0202          22    9.33 -0.1503    60.0    24.0
0201 0 0      31   10.00     6.0     2.4     0.0     0.0   10.13
0202          31   10.13 -0.1193     6.0     2.4
0201 0 0      41   10.00    18.0     7.2     0.0     0.0   10.15
0202          41   10.15 -0.1131    18.0     7.2
0201 0 0      51   10.00    36.0    14.4     0.0     0.0   10.11
0202          51   10.11 -0.1078    36.0    14.4
0201 0 0      71   10.00    24.0     9.6     0.0     0.0   10.20
0202          71   10.20 -0.0990    24.0     9.6
0201 0 0     100  220.00     0.0     0.0     0.0     0.0  242.00
0202         100  242.00  0.0000     0.0     0.0
0201 0 0     201  220.00     0.0     0.0     0.0     0.0  211.91
0202         201  211.91 -0.0705     0.0     0.0
0201 0 0     101  220.00     0.0     0.0     0.0     0.0  211.61
0202         101  211.61 -0.0775     0.0     0.0
0301 0 1       1       2   21.60   35.20 -196.80  0.0000  0.0000    0.00
0301 1 1       2      20    0.55   59.20   11.62  1.0000  0.0000    1.21
0301 2 1       2     201    0.55   59.20   11.62  1.0000  0.0000    1.21
0301 0 1       3       4    5.72    8.25  -49.59  0.0000  0.0000    0.00
0301 0 1       3       4    5.72    8.25  -49.59  0.0000  0.0000    0.00
0301 0 1       3      31   14.70  220.40    3.75  0.0909  0.0000    0.86
0301 0 1       3      31   14.70  220.40    3.75  0.0909  0.0000    0.86
0301 0 1       4      41    2.50   55.90   13.02  0.0909  0.0000    2.01
0301 0 1       4      41    2.50   55.90   13.02  0.0909  0.0000    2.01
0301 0 1       5       6    5.10   10.50  -67.75  0.0000  0.0000    0.00
0301 0 1       5       7    9.03   13.02  -78.30  0.0000  0.0000    0.00
0301 0 1       5       7    9.03   13.02  -78.30  0.0000  0.0000    0.00
0301 1 1       5      51    0.75   22.00   23.43  0.0909  0.0000    3.72
0301 2 1       5      51    0.75   22.00   23.43  0.0909  0.0000    3.72
0301 0 1       6      21    3.67    7.56  -48.78  0.0000  0.0000    0.00
0301 0 1       7      71    0.90   22.00   30.50  0.0909  0.0000    4.39
0301 0 1       7      71    0.90   22.00   30.50  0.0909  0.0000    4.39
0301 0 1     101      11    0.48    0.00    0.00  0.5500  0.0000    0.00
0301 0 1      10      11    0.48    0.00    0.00  0.5500  0.0000    0.00
0301 0 1     101      12    3.20  131.00    0.00  0.0478  0.0000    0.00
0301 0 1      10      12    3.20  131.00    0.00  0.0478  0.0000    0.00
0301 0 1      11       5    3.06    6.30  -40.65  0.0000  0.0000    0.00
0301 0 1      11       3    6.10   10.68  -66.50  0.0000  0.0000    0.00
0301 0 1      11       3    6.10   10.68  -66.50  0.0000  0.0000    0.00
0301 0 1     201      21    0.48    0.00    0.00  0.5500  0.0000    0.00
0301 0 1      20      21    0.48    0.00    0.00  0.5500  0.0000    0.00
0301 0 1     201      22    3.20  131.00    0.00  0.0478  0.0000    0.00
0301 0 1      20      22    3.20  131.00    0.00  0.0478  0.0000    0.00
0301 0 1     100       1    8.64   38.61 -237.60  0.0000  0.0000    0.00
0301 0 1     100       2   13.57   50.03 -299.00  0.0000  0.0000    0.00
0301 1 1       1      10    0.55   59.20   11.62  1.0000  0.0000    1.21
0301 2 1       1     101    0.55   59.20   11.62  1.0000  0.0000    1.21
0301 0 1       5       6    5.10   10.50  -67.75  0.0000  0.0000    0.00
7777
0
