Итерация номер 1	
Номер узла 	U1 	U2 	U 	delta 	
1	222,377792653874	-11,6354648723512	222,681985594716	-0,0522752925693624	
2	215,453647784378	-25,5078370410893	216,958346449519	-0,117842760054908	
5	116,563980131079	-17,3061811675425	117,841696231013	-0,147392667837923	
11	107,4960729743	-23,3365441979722	110	-0,21377492771433	
9	108,028794482276	-23,3281403438463	110,518878790892	-0,212678014091759	
13	107,904062732261	-23,2132741861651	110,37274506222	-0,211899289555569	
7	111,938668936709	-20,7690317573627	113,849103129803	-0,183453251020662	
4	120,228756813478	-13,6398693206933	121	-0,112966307258226	
12	10,0126701345749	-2,85715563927748	10,4123437117137	-0,277966548276858	
10	10,084033773386	-2,92613445644788	10,5	-0,282418834645457	
6	10,3319195425447	-2,04326116809249	10,5320215359945	-0,195242722442717	
3	10,3869266407394	-1,53680023422014	10,5	-0,146889585920803	
8	10,2218358154028	-2,4008483006946	10,5	-0,23069299955197	
14	10,0596671104504	-2,85598368338194	10,4572245444392	-0,276625563042579	
F= 2185313,62940112	
Итерация номер 2	
Номер узла 	U1 	U2 	U 	delta 	
1	222,420371158477	-11,4437141084381	222,714570917285	-0,0514055082614669	
2	215,498260926152	-25,1094140997425	216,956177922243	-0,11599489788987	
5	116,590639654906	-17,1110934819118	117,839580681903	-0,145721856424979	
11	107,533801836613	-23,162069479301	110	-0,212152132923278	
9	108,06599696463	-23,1516993175138	110,518147293773	-0,211046441519784	
13	107,941372040217	-23,0373116815923	110,372358529839	-0,210269591161551	
7	111,971640616478	-20,5809248030629	113,847366100824	-0,181775869895593	
4	120,235714156115	-13,5784034911735	121	-0,112455081396599	
12	10,0172896935705	-2,84090070848147	10,4123392972168	-0,276343607495047	
10	10,088795827989	-2,90967330488335	10,5	-0,280786822851755	
6	10,3350374148331	-2,02588316290361	10,5317235510498	-0,193566574793812	
3	10,3897590899673	-1,51753288347946	10,5	-0,145034877670682	
8	10,2258574857529	-2,38366077306954	10,5	-0,229011878525357	
14	10,0642527367781	-2,83955985124601	10,4571642092182	-0,274994926692309	
F= 1119973,23276098	
Итерация номер 3	
Номер узла 	U1 	U2 	U 	delta 	
1	222,443688948337	-11,335954271646	222,732347476053	-0,0509169594287673	
2	215,522497524378	-24,8856861678345	216,954475213556	-0,11495767765546	
5	116,60300279125	-17,0105964680401	117,837263427724	-0,144862814894935	
11	107,552531976949	-23,074940202465	110	-0,211341953396525	
9	108,084182304615	-23,063001118382	110,517385442489	-0,210227206443974	
13	107,959762870109	-22,9490010445956	110,371948645999	-0,209452316685319	
7	111,987620977083	-20,4837070565258	113,845551107122	-0,180910619636005	
4	120,231628726069	-13,6145309826209	121	-0,112755558714996	
12	10,0195842108806	-2,83278131021523	10,4123348827452	-0,275533281978417	
10	10,0911773308151	-2,90140312229173	10,5	-0,279967180321655	
6	10,3364734776673	-2,01689009486521	10,5314068200448	-0,19270236361608	
3	10,3913379618378	-1,50668356427896	10,5	-0,143990725074912	
8	10,2279248597308	-2,3747743184776	10,5	-0,228142948380046	
14	10,0665123260674	-2,83130752123962	10,4571015434821	-0,274176742404589	
F= 407418,950082107	
Итерация номер 4	
Номер узла 	U1 	U2 	U 	delta 	
1	222,445985969363	-11,3215169689612	222,733907208491	-0,0508516999489778	
2	215,524732111651	-24,8559849778581	216,953290228607	-0,114820498500323	
5	116,599770338579	-17,01515169499	117,83472251511	-0,14490502775259	
11	107,550408257114	-23,084836662368	110	-0,211433969432059	
9	108,081497761641	-23,0717684238063	110,516589960971	-0,210309859160429	
13	107,957392268818	-22,9580554933229	110,371512889504	-0,209537025759009	
7	111,985004796019	-20,487442168332	113,843649738425	-0,180947028106687	
4	120,215181812672	-13,7589993003203	121	-0,113957224064528	
12	10,0193196730316	-2,83370059654822	10,412330468309	-0,275625152025295	
10	10,0909385678711	-2,90223341918798	10,5	-0,280049460782232	
6	10,3360671177813	-2,01721024753021	10,5310693021184	-0,192739591506914	
3	10,3915551286196	-1,5051850414017	10,5	-0,143846517733986	
8	10,2278469733238	-2,37510974278467	10,5	-0,22817574345713	
14	10,0662121316576	-2,83213372010221	10,4570362956275	-0,274260572851701	
F= 47654,4915072606	
Итерация номер 5	
Номер узла 	U1 	U2 	U 	delta 	
1	222,431099839366	-11,3857688410091	222,722315693446	-0,0511432085711227	
2	215,509047308569	-24,9897218464945	216,953072506042	-0,115441154615779	
5	116,586101523211	-17,0982772543854	117,833230259755	-0,145619835749277	
11	107,533263168373	-23,1645701959125	110	-0,212175388149376	
9	108,064050859107	-23,1512523008141	110,516150725474	-0,211046175297032	
13	107,940191409572	-23,0376119097228	110,371266568968	-0,210274484110222	
7	111,96935009512	-20,566991519589	113,842595283533	-0,181659132840951	
4	120,196951461386	-13,9173582043847	121	-0,115274619147753	
12	10,0172139689915	-2,8411269420312	10,4123281739145	-0,276366494865332	
10	10,0887993557607	-2,90966107290926	10,5	-0,280785610420444	
6	10,3344397118829	-2,02453593083397	10,5308779260696	-0,193451950206687	
3	10,3906245580491	-1,5115956118177	10,5	-0,144463447267782	
8	10,2261574062196	-2,38237375388918	10,5	-0,228886021079481	
14	10,0640874990913	-2,83954225974964	10,4570004032834	-0,274997598439104	
F= 0,0116255590485412	
Итерация номер 6	
Номер узла 	U1 	U2 	U 	delta 	
1	222,428947227764	-11,395304295025	222,720653565914	-0,0511864601935508	
2	215,506800656576	-25,0095479586204	216,953125394238	-0,115533123474313	
5	116,584503970448	-17,1090102009329	117,833207526958	-0,145711924940468	
11	107,531127266498	-23,1744831397862	110	-0,212267573971925	
9	108,061913569999	-23,1612100857597	110,516147313624	-0,211138329887	
13	107,938065138655	-23,0475594966717	110,37126394415	-0,210366648417023	
7	111,967446139641	-20,5773057263696	113,842586521872	-0,181751264105129	
4	120,195669361937	-13,9284265671263	121	-0,115366704859001	
12	10,0169520148029	-2,84205037506673	10,4123281739139	-0,276458680687868	
10	10,0885311639079	-2,91059082573611	10,5	-0,280877768580344	
6	10,3342511185837	-2,02548739982374	10,5308758129984	-0,193544058151527	
3	10,3904855091791	-1,51255111766185	10,5	-0,144555406344114	
8	10,2259378556532	-2,38331596149552	10,5	-0,228978159082321	
14	10,0638254907873	-2,84046975799683	10,4570001412984	-0,275089765908154	
F= 6,4909382319329E-11	
vhod v zony rascheta
11  -1,35479954298489 4  17,6137653849478 10  -0,838128681322747 3  -3,81588151873621 8  -5,40523371631184 vhod v ustranenie pi min
11  -1,35479954298489 4  17,6137653849478 10  -0,838128681322747 3  -3,81588151873621 8  -5,40523371631184 remove po min 8  10,5
Итерация номер 1	
Номер узла 	U1 	U2 	U 	delta 	
1	222,428946970364	-11,3953043805413	222,720653313226	-0,0511864606361408	
2	215,506800632232	-25,0095481684029	216,953125394238	-0,11553312444775	
5	116,584503953386	-17,1090103171701	117,833207526953	-0,145711925937495	
11	107,531127243392	-23,1744832469992	110	-0,212267574968967	
9	108,061913546906	-23,1612101935014	110,516147313624	-0,211138330884037	
13	107,938065115675	-23,0475596042901	110,371263944149	-0,210366649414062	
7	111,967446119124	-20,5773058380046	113,842586521871	-0,181751265102161	
4	120,19566934805	-13,9284266869643	121	-0,115366705856026	
12	10,0169520119693	-2,84205038505404	10,4123281739139	-0,27645868168491	
10	10,0885311610059	-2,91059083579475	10,5	-0,280877769577382	
6	10,3342511165638	-2,02548741012728	10,5308758129979	-0,193544059148562	
3	10,3904855077067	-1,51255112777636	10,5	-0,144555407317554	
8	10,2259378532769	-2,38331597169112	10,5	-0,228978160079355	
14	10,0638254879552	-2,84046976803085	10,4570001412984	-0,275089766905194	
F= 0,164214364835906	
Итерация номер 2	
Номер узла 	U1 	U2 	U 	delta 	
1	222,428997375239	-11,3950772425102	222,720692030887	-0,0511854305591521	
2	215,506852888339	-25,0090760780174	216,953122881678	-0,115530935186479	
5	116,584541457218	-17,1087547559835	117,833207526953	-0,145709733869623	
11	107,533483966285	-23,1635451965533	110	-0,212165856230817	
9	108,071044059115	-23,16081334419	110,524991919437	-0,21111750712223	
13	107,945777686053	-23,0440128385315	110,378065973042	-0,210320633908871	
7	111,989073668887	-20,5857708484516	113,865387992315	-0,181790050827406	
4	120,195699879818	-13,9281632098658	121	-0,115364513788155	
12	10,0172410499265	-2,84103145863411	10,4123281739139	-0,27635696294676	
10	10,0886187066593	-2,9102873726909	10,5	-0,280847689699319	
6	10,3342555565449	-2,02546475674256	10,5308758129979	-0,193541867080691	
3	10,3904888183487	-1,51252838511221	10,5	-0,144553218520841	
8	10,2341479013563	-2,38537826798617	10,5084638624404	-0,228991951910146	
14	10,0646327666822	-2,84010848189837	10,4576789450205	-0,275035549723607	
F= 1,16352930758014E-07	
3 7 9 11 
11  -1,35479954298489 4  17,6137653849478 10  -0,838128681322747 3  -3,81588151873621 8  -5 vhod v zony rascheta
11  -1,52967851802509 4  17,3785352241403 10  -0,872194596845009 3  -3,81586193025282 8  -5 vhod v ustranenie pi min
11  -1,52967851802509 4  17,3785352241403 10  -0,872194596845009 3  -3,81586193025282 8  -5 vhod v obratniy
11  -1,52967851802509 1104  17,3785352241403 12110  -0,872194596845009 10,53  -3,81586193025282 10,58  -5 10,5084567014116